function [data]=elvio_cycle_wltp_3b_low()
% This function returns the speed data for the WLTP 3b cycle.
data = [1 0;1 0;1 0;1 0;1 0;1 0;1 0;1 0;1 0;1 0;1 0;1 0.2;1 1.7;1 5.4;1 9.9;1 13.1;1 16.9;1 21.7;1 26;1 27.5;1 28.1;1 28.3;1 28.8;1 29.1;1 30.8;1 31.9;1 34.1;1 36.6;1 39.1;1 41.3;1 42.5;1 43.3;1 43.9;
    1 44.4;1 44.5;1 44.2;1 42.7;1 39.9;1 37;1 34.6;1 32.3;1 29;1 25.1;1 22.2;1 20.9;1 20.4;1 19.5;1 18.4;1 17.8;1 17.8;1 17.4;1 15.7;1 13.1;1 12.1;1 12;1 12;1 12;1 12.3;1 12.6;1 14.7;1 15.3;1 15.9;
    1 16.2;1 17.1;1 17.8;1 18.1;1 18.4;1 20.3;1 23.2;1 26.5;1 29.8;1 32.6;1 34.4;1 35.5;1 36.4;1 37.4;1 38.5;1 39.3;1 39.5;1 39;1 38.5;1 37.3;1 37;1 36.7;1 35.9;1 35.3;1 34.6;1 34.2;1 31.9;1 27.3;
    1 22;1 17;1 14.2;1 12;1 9.1;1 5.8;1 3.6;1 2.2;1 0;1 0;1 0;1 0;1 0;1 0;1 0;1 0;1 0;1 0;1 0;1 0;1 0;1 0;1 0;1 0;1 0;1 0;1 0;1 0;1 0;1 0;1 0;1 0;1 0;1 0;1 0;1 0;1 0;1 0;1 0;1 0;1 0;1 0;1 0;1 0;
    1 0;1 0;1 0;1 0.2;1 1.9;1 6.1;1 11.7;1 16.4;1 18.9;1 19.9;1 20.8;1 22.8;1 25.4;1 27.7;1 29.2;1 29.8;1 29.4;1 27.2;1 22.6;1 17.3;1 13.3;1 12;1 12.6;1 14.1;1 17.2;1 20.1;1 23.4;1 25.5;1 27.6;
    1 29.5;1 31.1;1 32.1;1 33.2;1 35.2;1 37.2;1 38;1 37.4;1 35.1;1 31;1 27.1;1 25.3;1 25.1;1 25.9;1 27.8;1 29.2;1 29.6;1 29.5;1 29.2;1 28.3;1 26.1;1 23.6;1 21;1 18.9;1 17.1;1 15.7;1 14.5;1 13.7;
    1 12.9;1 12.5;1 12.2;1 12;1 12;1 12;1 12;1 12.5;1 13;1 14;1 15;1 16.5;1 19;1 21.2;1 23.8;1 26.9;1 29.6;1 32;1 35.2;1 37.5;1 39.2;1 40.5;1 41.6;1 43.1;1 45;1 47.1;1 49;1 50.6;1 51.8;1 52.7;
    1 53.1;1 53.5;1 53.8;1 54.2;1 54.8;1 55.3;1 55.8;1 56.2;1 56.5;1 56.5;1 56.2;1 54.9;1 52.9;1 51;1 49.8;1 49.2;1 48.4;1 46.9;1 44.3;1 41.5;1 39.5;1 37;1 34.6;1 32.3;1 29;1 25.1;1 22.2;1 20.9;
    1 20.4;1 19.5;1 18.4;1 17.8;1 17.8;1 17.4;1 15.7;1 14.5;1 15.4;1 17.9;1 20.6;1 23.2;1 25.7;1 28.7;1 32.5;1 36.1;1 39;1 40.8;1 42.9;1 44.4;1 45.9;1 46;1 45.6;1 45.3;1 43.7;1 40.8;1 38;1 34.4;
    1 30.9;1 25.5;1 21.4;1 20.2;1 22.9;1 26.6;1 30.2;1 34.1;1 37.4;1 40.7;1 44;1 47.3;1 49.2;1 49.8;1 49.2;1 48.1;1 47.3;1 46.8;1 46.7;1 46.8;1 47.1;1 47.3;1 47.3;1 47.1;1 46.6;1 45.8;1 44.8;1 43.3;
    1 41.8;1 40.8;1 40.3;1 40.1;1 39.7;1 39.2;1 38.5;1 37.4;1 36;1 34.4;1 33;1 31.7;1 30;1 28;1 26.1;1 25.6;1 24.9;1 24.9;1 24.3;1 23.9;1 23.9;1 23.6;1 23.3;1 20.5;1 17.5;1 16.9;1 16.7;1 15.9;1 15.6;
    1 15;1 14.5;1 14.3;1 14.5;1 15.4;1 17.8;1 21.1;1 24.1;1 25;1 25.3;1 25.5;1 26.4;1 26.6;1 27.1;1 27.7;1 28.1;1 28.2;1 28.1;1 28;1 27.9;1 27.9;1 28.1;1 28.2;1 28;1 26.9;1 25;1 23.2;1 21.9;1 21.1;
    1 20.7;1 20.7;1 20.8;1 21.2;1 22.1;1 23.5;1 24.3;1 24.5;1 23.8;1 21.3;1 17.7;1 14.4;1 11.9;1 10.2;1 8.9;1 8;1 7.2;1 6.1;1 4.9;1 3.7;1 2.3;1 0.9;1 0;1 0;1 0;1 0;1 0;1 0;1 0.5;1 2.1;1 4.8;1 8.3;
    1 12.3;1 16.6;1 20.9;1 24.2;1 25.6;1 25.6;1 24.9;1 23.3;1 21.6;1 20.2;1 18.7;1 17;1 15.3;1 14.2;1 13.9;1 14;1 14.2;1 14.5;1 14.9;1 15.9;1 17.4;1 18.7;1 19.1;1 18.8;1 17.6;1 16.6;1 16.2;1 16.4;
    1 17.2;1 19.1;1 22.6;1 27.4;1 31.6;1 33.4;1 33.5;1 32.8;1 31.9;1 31.3;1 31.1;1 30.6;1 29.2;1 26.7;1 23;1 18.2;1 12.9;1 7.7;1 3.8;1 1.3;1 0.2;1 0;1 0;1 0;1 0;1 0;1 0;1 0;1 0;1 0;1 0;1 0;1 0;1 0;
    1 0;1 0;1 0;1 0;1 0;1 0;1 0;1 0;1 0;1 0;1 0;1 0;1 0;1 0;1 0;1 0;1 0;1 0;1 0;1 0;1 0;1 0;1 0;1 0;1 0;1 0;1 0;1 0;1 0;1 0;1 0;1 0;1 0;1 0;1 0;1 0;1 0;1 0;1 0;1 0;1 0;1 0;1 0;1 0;1 0;1 0;1 0;1 0;
    1 0;1 0;1 0;1 0;1 0;1 0;1 0.5;1 2.5;1 6.6;1 11.8;1 16.8;1 20.5;1 21.9;1 21.9;1 21.3;1 20.3;1 19.2;1 17.8;1 15.5;1 11.9;1 7.6;1 4;1 2;1 1;1 0;1 0;1 0;1 0.2;1 1.2;1 3.2;1 5.2;1 8.2;1 13;1 18.8;
    1 23.1;1 24.5;1 24.5;1 24.3;1 23.6;1 22.3;1 20.1;1 18.5;1 17.2;1 16.3;1 15.4;1 14.7;1 14.3;1 13.7;1 13.3;1 13.1;1 13.1;1 13.3;1 13.8;1 14.5;1 16.5;1 17;1 17;1 17;1 15.4;1 10.1;1 4.8;1 0;1 0;
    1 0;1 0;1 0;1 0;1 0;1 0;1 0;1 0;1 0;1 0;1 0;1 0;1 0;1 0;1 0;1 0;1 0;1 0;1 0;1 0;1 0;1 0;1 0;1 0;1 0;1 0;1 0;1 0;1 0;1 0;1 0;1 0];
% convert from km/h to m/s
    data = [data(:,1) data(:,2)./3.6 data(:,1).*0-1 data(:,1).*0];
end